100
96380262 94469342 253111954
5 1 2
185 145 16
513 513 2
940208155 51651355 407237114
40 335 8
5 3 3
564 609 389
652 675 261
841 56 38
4 5 4
1 5 5
4 1 1
425 719 294
733 700 23
3 5 1
650 547 500
2 2 2
454730737 675421285 514940787
874 373 199
625 517 217
4 5 2
406 590 91
922 917 824
108 840 14
250273071 944768228 914103632
1 1 1000
556 595 620
691 459 282
410547717 340012471 399477200
536870911 536870911 536870910
573 762 319
4 1 1
45 56 35
1000000000 1000000000 1000000000
857964177 301744836 314266752
4 4 5
4 2 1
5 4 1
513 513 512
4 5 5
762 582 387
4 2 2
504460257 496175004 726941094
338 254 465
504 68 16
512 512 513
567 118 95
966 548 149
512 512 257
512 512 1
369536180 296002034 876968094
642 105 63
1 5 1
814 644 698
4 1 1
706 322 648
821 265 176
103 143 88
512 512 256
513 513 256
110 353 19
1000 1000 1
513 513 257
1 1 1
14 255 12
536870911 536870911 536870911
748 655 901
58 821 14
400093542 106737406 935743655
848 319 29
513 513 1
168 600 39
4 5 4
10 791 7
405 292 53
7 8 5
331 493 315
1000 323 956
304482373 464005521 969140049
1 2 1
153 552 14
2 3 2
3 4 2
424 478 262
993 569 457
985514470 982307960 988469672
904363657 917969782 981825379
723 881 913
866 221 116
644 578 785
693 979 971
290982597 92753897 410476374
21 911 15
292076982 52857990 959715614
328 302 865
4 2 5
13983510 751521317 25630196
3 4 3
512 512 2
